PUBYEAR,ARTICLE_TYPE,TOTAL_NUMBER_OF_ITEMS,NUMBER_OF_NULLS,NUMBER_OF_DOIS
2016,book review,70372,40130,30242
2016,editorial material,121317,36870,84447
2002,article,813872,594963,218909
1998,article,771232,769276,1956
2005,article,930218,338316,591902
2016,music performance review,1047,1027,20
2015,reprint,329,119,210
2009,article,1142730,232462,910268
1974,article,74833,74496,337
2010,proceedings paper,272068,213680,58388
1998,proceedings paper,151990,151946,44
2007,proceedings paper,260268,235068,25200
2011,proceedings paper,274505,174538,99967
2013,correction,13430,2784,10646
1986,article,520858,519762,1096
2016,bibliography,132,75,57
2013,news item,18663,13115,5548
1999,review,29546,29471,75
2008,editorial material,85146,42758,42388
1990,meeting abstract,51110,51110,0
1907,letter,17,17,0
2001,editorial material,56442,55223,1219
1987,note,48905,48796,109
1984,meeting abstract,113411,113411,0
2015,software review,52,7,45
1994,proceedings paper,145059,145038,21
2003,letter,39103,29652,9451
1967,book review,802,618,184
2015,record review,1564,1539,25
1968,article,41863,41644,219
2015,poetry,5159,4902,257
2016,software review,59,0,59
1999,correction,6784,6771,13
1990,editorial material,34566,34407,159
1990,letter,40487,40288,199
1989,letter,40273,40044,229
1976,note,1305,1233,72
1962,article,6910,6728,182
1996,letter,46845,46493,352
2006,letter,41830,24707,17123
1972,abstract of published item,81,81,0
1977,note,1523,1420,103
2011,poetry,5900,5711,189
2011,"fiction, creative prose",569,551,18
2013,reprint,171,47,124
1981,letter,32695,32521,174
1976,review,1396,1375,21
1982,meeting abstract,105288,105288,0
1968,letter,4132,4084,48
1970,review,862,854,8
1973,review,1398,1388,10
1978,editorial material,1065,1026,39
2007,reprint,718,464,254
1970,meeting abstract,3670,3511,159
1963,review,132,131,1
1961,note,609,609,0
1965,biographical-item,156,154,2
1966,review,623,614,9
1968,correction,233,233,0
2018,article,1629297,69446,1559851
1992,discussion,2366,2357,9
1973,biographical-item,23,23,0
1962,letter,563,563,0
1970,discussion,108,94,14
2017,proceedings paper,359066,217596,141470
2018,editorial material,113615,26887,86728
2017,bibliography,111,60,51
1947,article,3750,3602,148
1967,discussion,92,80,12
1964,discussion,39,35,4
1943,article,1356,1196,160
1949,article,4874,4700,174
1959,discussion,15,11,4
1999,reprint,892,890,2
1985,biographical-item,186,185,1
1985,book review,80367,80362,5
1991,reprint,456,456,0
1989,biographical-item,203,202,1
1918,article,388,388,0
1990,discussion,2475,2451,24
1946,review,116,109,7
1981,discussion,1958,1941,17
1991,book review,81265,81260,5
1947,meeting abstract,369,369,0
1953,review,371,359,12
1946,letter,283,283,0
1954,discussion,29,29,0
1949,correction,25,25,0
1957,note,288,245,43
1986,book review,82781,82779,2
1954,note,146,146,0
2013,art exhibit review,2095,2064,31
2008,software review,132,70,62
1932,article,1360,1231,129
2014,retraction,6,1,5
1943,review,82,79,3
1964,biographical-item,218,218,0
1927,review,55,55,0
1935,review,66,62,4
1923,article,776,776,0
1926,article,1045,1045,0
1919,article,465,465,0
1907,article,346,346,0
1929,review,57,56,1
1919,review,19,19,0
1906,review,8,8,0
1936,letter,10,10,0
1917,review,10,10,0
1921,letter,13,13,0
1934,letter,110,110,0
1907,review,19,19,0
1942,book review,69,69,0
2014,hardware review,6,0,6
1950,correction,53,53,0
1996,poetry,6079,6079,0
1988,film review,1700,1700,0
1962,book review,66,66,0
1993,bibliography,535,535,0
1990,film review,1486,1486,0
1951,correction,58,58,0
1986,theater review,955,955,0
1984,theater review,1388,1388,0
1985,music performance review,2185,2185,0
1958,correction,16,16,0
1996,music performance review,1862,1862,0
1984,music performance review,2096,2096,0
2019,book review,11462,5525,5937
2013,record review,1853,1806,47
1997,record review,2373,2373,0
2003,bibliography,588,534,54
1997,music performance review,1889,1889,0
2006,software review,184,134,50
2017,film review,1735,1695,40
1977,art exhibit review,3,3,0
1984,dance performance review,793,793,0
2009,art exhibit review,2903,2889,14
2010,database review,17,7,10
1943,book review,48,48,0
1930,book review,391,391,0
1951,book review,226,226,0
1931,letter,10,10,0
1912,letter,18,18,0
1950,book review,215,215,0
1932,book review,143,143,0
1998,excerpt,206,206,0
1917,book review,8,8,0
2003,excerpt,151,151,0
2001,excerpt,169,169,0
1990,"tv review, radio review, video",142,142,0
2014,"tv review, radio review",465,464,1
2014,main cite,2,2,0
1996,"tv review, radio review, video",1097,1097,0
2005,music performance review,682,677,5
1996,music score review,505,505,0
2005,music score,18,18,0
1997,dance performance review,487,487,0
2004,retraction,1,0,1
1987,software review,753,750,3
1989,proceedings paper,70339,70338,1
2007,film review,2246,2238,8
2009,theater review,473,439,34
1983,art exhibit review,3024,3024,0
1981,"fiction, creative prose",1504,1504,0
2003,film review,1284,1284,0
2003,software review,341,297,44
1998,music score review,610,610,0
2017,database review,11,0,11
1985,script,111,111,0
1994,"fiction, creative prose",1122,1122,0
1994,bibliography,588,588,0
1984,"tv review, radio review",1,1,0
1982,"fiction, creative prose",1468,1468,0
2007,"tv review, radio review",567,566,1
1992,excerpt,287,287,0
1980,film review,1390,1390,0
1978,excerpt,1,1,0
1995,script,47,47,0
1931,book review,141,141,0
2016,music score,11,9,2
1993,news item,1,1,0
2015,database review,8,5,3
1982,"correction, addition",4591,4591,0
2012,book,354,196,158
2010,book,227,106,121
2010,record review,1804,1784,20
1988,hardware review,308,308,0
1999,art exhibit review,3099,3099,0
1987,art exhibit review,2386,2386,0
1979,dance performance review,2,2,0
2009,database review,9,4,5
2001,retraction,1,0,1
1991,dance performance review,476,476,0
1992,"correction, addition",5377,5377,0
1992,"tv review, radio review, video",267,267,0
2003,database review,65,63,2
1992,script,49,49,0
1994,"tv review, radio review, video",307,307,0
1994,music score,17,17,0
1994,theater review,557,557,0
2010,music score,19,19,0
1997,discussion,1,1,0
1994,"tv review, radio review",2,2,0
2012,music score review,70,64,6
2000,dance performance review,676,676,0
2007,music score review,479,470,9
2000,database review,48,48,0
2007,music score,15,15,0
1986,proceedings paper,320,320,0
1988,music score review,701,701,0
2001,hardware review,115,115,0
2001,script,56,56,0
1980,music score review,1038,1038,0
1998,theater review,616,616,0
1998,"correction, addition",11,11,0
1982,record review,1412,1412,0
1982,excerpt,230,230,0
1999,database review,62,62,0
1983,music score review,641,641,0
2013,database review,1,0,1
1987,film review,1601,1601,0
1987,hardware review,205,205,0
1987,bibliography,10,10,0
1898,editorial material,1,1,0
2008,article,1098030,269599,828431
2015,proceedings paper,364763,231582,133181
2012,article,1328731,178822,1149909
2013,book review,69730,43835,25895
2010,review,63824,10587,53237
2015,book review,70842,40659,30183
1989,review,15922,15846,76
1984,article,511567,510878,689
2016,theater review,431,362,69
2007,article,1025785,274382,751403
2011,biographical-item,4676,2349,2327
2012,review,75302,8499,66803
2010,book review,75662,60746,14916
1974,note,7224,7114,110
2005,proceedings paper,182733,167649,15084
2016,film review,1590,1570,20
1988,article,546816,545675,1141
1975,review,1367,1350,17
1980,note,48419,48241,178
1996,proceedings paper,137845,137816,29
1977,article,22070,21798,272
2005,book review,70798,63858,6940
1988,meeting abstract,102795,102794,1
1997,proceedings paper,141860,141833,27
2007,correction,10636,4594,6042
2003,correction,7779,4435,3344
2012,letter,42916,12941,29975
1970,book review,841,810,31
2000,book review,80865,80858,7
2010,letter,43996,16198,27798
1967,article,37003,36778,225
1972,editorial material,1058,1021,37
2008,correction,10775,4215,6560
2015,script,37,36,1
2015,bibliography,98,61,37
2016,music score review,64,63,1
2008,meeting abstract,239009,225462,13547
1995,review,22654,22608,46
1994,correction,314,298,16
2010,biographical-item,6038,3469,2569
2007,biographical-item,7087,5061,2026
1977,correction,198,187,11
1973,abstract of published item,355,355,0
2000,news item,28564,28522,42
1988,correction,527,510,17
1978,review,1538,1509,29
1961,letter,594,594,0
1969,letter,4100,4047,53
1970,correction,265,262,3
1966,letter,3244,3234,10
1965,abstract of published item,324,324,0
1971,review,1024,1018,6
1962,note,416,408,8
1965,editorial material,1451,1419,32
1988,book review,81610,81603,7
1961,editorial material,766,738,28
2004,book review,67521,63391,4130
1987,editorial material,32186,32098,88
1994,discussion,2876,2869,7
1972,biographical-item,31,30,1
1970,biographical-item,24,24,0
1969,biographical-item,24,24,0
1966,correction,229,228,1
2018,book review,57667,32254,25413
2017,editorial material,120267,32443,87824
1950,article,4736,4520,216
2018,poetry,4426,4179,247
1951,article,4846,4645,201
2018,record review,1453,1418,35
2018,"tv review, radio review",282,277,5
1964,book review,94,94,0
1982,biographical-item,60,59,1
1995,reprint,747,747,0
1955,article,3688,3505,183
1976,discussion,42,36,6
1978,book review,280,280,0
1964,abstract of published item,6,6,0
1951,review,355,336,19
1947,note,429,429,0
1950,editorial material,757,742,15
1956,letter,481,481,0
1955,note,258,225,33
1958,discussion,21,19,2
1948,review,225,223,2
1994,reprint,556,556,0
2003,biographical-item,5537,4625,912
1949,discussion,26,26,0
1996,biographical-item,392,390,2
1994,book review,89948,89932,16
2011,reprint,277,188,89
2017,retraction,865,173,692
2012,reprint,213,122,91
1937,article,1545,1396,149
2019,biographical-item,1014,363,651
1944,review,75,74,1
1953,biographical-item,42,42,0
1978,biographical-item,9,9,0
1950,biographical-item,31,31,0
1924,article,791,791,0
1925,article,1013,1013,0
1908,article,378,378,0
1942,letter,55,55,0
1902,review,4,4,0
1918,letter,18,18,0
2016,book,1504,789,715
1945,correction,12,11,1
2019,retraction,363,22,341
1976,poetry,155,155,0
1982,theater review,1774,1774,0
1990,record review,1314,1314,0
1946,correction,8,7,1
1992,film review,1537,1537,0
1985,dance performance review,822,822,0
1995,poetry,5993,5993,0
1992,record review,1581,1581,0
1979,art exhibit review,3,3,0
1995,theater review,570,570,0
2011,theater review,364,356,8
1991,film review,1583,1583,0
1996,database review,79,79,0
1993,database review,47,47,0
1985,record review,2254,2254,0
1957,correction,13,12,1
1987,record review,1180,1180,0
1940,book review,134,134,0
1983,film review,1493,1493,0
2009,film review,1799,1788,11
2008,database review,29,9,20
2007,hardware review,7,6,1
1949,book review,153,153,0
1945,book review,2,2,0
1906,letter,21,21,0
1953,book review,334,334,0
1933,book review,305,305,0
1918,book review,7,7,0
1937,book review,267,267,0
1902,book review,7,7,0
1911,book review,9,9,0
1924,book review,7,7,0
1914,letter,7,7,0
2004,poetry,4817,4810,7
1990,dance performance review,610,610,0
2008,music performance review,1295,1294,1
2008,theater review,530,511,19
2014,music score,13,13,0
2008,hardware review,12,10,2
2005,excerpt,264,236,28
2005,music score review,442,422,20
2011,film review,1342,1336,6
2011,excerpt,19,18,1
2011,bibliography,141,94,47
2015,dance performance review,524,524,0
2017,music score review,35,27,8
1986,software review,597,588,9
2006,record review,1790,1705,85
2000,theater review,690,690,0
1999,software review,747,746,1
2000,software review,641,638,3
2004,theater review,620,619,1
2004,record review,1041,1039,2
2018,music score,1,1,0
1986,"fiction, creative prose",1594,1594,0
1989,software review,999,999,0
1992,bibliography,466,466,0
1989,excerpt,260,260,0
2009,"fiction, creative prose",852,828,24
1993,software review,633,633,0
1992,chronology,55,55,0
1901,review,2,2,0
1984,chronology,62,62,0
2001,"fiction, creative prose",1331,1331,0
1925,book review,11,11,0
2019,bibliography,24,11,13
1989,news item,22,11,11
1998,art exhibit review,3073,3073,0
1903,review,6,6,0
2016,meeting summary,11,10,1
1980,item about an individual,1136,1136,0
1995,item about an individual,5683,5683,0
2015,book,809,428,381
2014,book,594,321,273
2010,dance performance review,462,462,0
1998,script,65,65,0
2001,theater review,627,627,0
1943,correction,1,1,0
2003,record review,1410,1410,0
1993,film review,1214,1214,0
2003,abstract of published item,1,0,1
2004,music score,12,12,0
1995,chronology,40,40,0
2011,database review,17,15,2
2006,"fiction, creative prose",686,677,9
1996,chronology,1,1,0
1985,item about an individual,3751,3751,0
1985,hardware review,204,204,0
1986,music score,25,25,0
2001,art exhibit review,3451,3451,0
1988,music score,22,22,0
2001,dance performance review,672,672,0
1989,"tv review, radio review, video",134,134,0
1989,database review,60,60,0
1989,script,77,77,0
1998,film review,1279,1279,0
2006,script,51,50,1
1998,database review,81,81,0
2006,music score,20,20,0
1981,music score,69,69,0
1983,music score,10,10,0
1987,music score review,702,702,0
1987,"tv review, radio review, video",191,191,0
2019,theater review,116,98,18
2019,script,1,1,0
2015,review,86020,5008,81012
2015,editorial material,112604,36402,76202
2014,proceedings paper,349208,221523,127685
2003,editorial material,60265,43677,16588
2016,news item,16341,11237,5104
1990,article,579233,578200,1033
1983,article,496884,496325,559
1993,article,611986,610501,1485
1983,note,53419,53289,130
2012,proceedings paper,312116,186386,125730
2001,review,33924,31664,2260
2002,editorial material,56964,49029,7935
1992,note,49711,49614,97
2012,correction,12847,2929,9918
2013,review,77838,5472,72366
1982,note,48763,48626,137
2009,proceedings paper,294548,245434,49114
1984,letter,40840,40581,259
2008,proceedings paper,270891,234371,36520
1985,article,517924,517049,875
1993,review,18102,18034,68
1987,article,535350,534408,942
2011,review,67105,9133,57972
1979,note,2142,1973,169
1981,article,456347,455734,613
2004,proceedings paper,165176,148611,16565
2005,editorial material,69739,43776,25963
2000,meeting abstract,132506,132505,1
2002,letter,39559,34760,4799
1964,article,9756,9512,244
1995,letter,47601,47264,337
1992,correction,427,407,20
2010,correction,11885,3677,8208
2001,proceedings paper,136157,136102,55
2016,"fiction, creative prose",596,559,37
1971,article,64618,64384,234
2008,book review,76363,65153,11210
2005,biographical-item,6174,4842,1332
1999,meeting abstract,127093,127093,0
1997,news item,30118,30107,11
2007,book review,71350,62974,8376
2014,poetry,5186,4938,248
1969,book review,629,624,5
1988,review,16322,16280,42
1960,article,3665,3468,197
1970,article,51384,51043,341
2012,art exhibit review,1905,1866,39
1963,article,7612,7428,184
1973,letter,3240,2992,248
1982,review,13306,13246,60
1997,editorial material,60102,59971,131
2015,film review,1436,1391,45
1975,letter,877,624,253
2001,correction,6838,6732,106
2004,letter,39217,26873,12344
1959,article,3478,3277,201
1983,letter,39907,39667,240
1972,correction,267,254,13
1984,editorial material,34423,34350,73
1981,meeting abstract,101017,101017,0
1979,editorial material,1393,1334,59
1980,editorial material,21923,21868,55
1994,letter,46697,46337,360
1978,correction,130,118,12
1987,biographical-item,191,188,3
1965,letter,2502,2497,5
1979,review,1614,1584,30
1970,letter,2672,2559,113
1972,letter,2922,2782,140
1985,editorial material,31845,31743,102
1969,discussion,144,132,12
2015,"tv review, radio review",346,344,2
1963,note,588,588,0
1983,discussion,2699,2677,22
1967,meeting abstract,4495,4357,138
2017,article,1630556,100118,1530438
1966,discussion,89,77,12
1964,editorial material,1496,1472,24
1967,abstract of published item,54,54,0
1980,poetry,7895,7895,0
2018,review,115150,2984,112166
1944,article,1186,1027,159
1961,discussion,30,30,0
1928,review,42,41,1
2018,"fiction, creative prose",518,480,38
1963,discussion,26,23,3
2018,reprint,213,13,200
1981,editorial material,22807,22751,56
1954,meeting abstract,166,166,0
1952,article,4698,4490,208
2018,software review,21,1,20
1960,correction,14,14,0
1938,article,1603,1460,143
1960,editorial material,505,494,11
1977,biographical-item,10,10,0
2007,database review,43,21,22
1992,proceedings paper,137110,137109,1
1949,meeting abstract,304,304,0
1947,review,167,159,8
1957,letter,454,454,0
1952,editorial material,911,897,14
1955,review,261,260,1
1953,editorial material,949,935,14
1955,editorial material,614,602,12
1946,editorial material,596,583,13
2008,biographical-item,7014,4743,2271
1994,biographical-item,207,201,6
2002,bibliography,629,610,19
1948,discussion,22,22,0
1930,article,1255,1149,106
1939,review,75,73,2
1940,review,107,103,4
1957,biographical-item,3,3,0
1960,discussion,14,10,4
1961,correction,10,10,0
2010,software review,67,27,40
2014,theater review,376,347,29
2006,biographical-item,6588,4853,1735
1946,note,465,465,0
1912,review,15,15,0
1916,review,12,12,0
1956,biographical-item,2,2,0
1949,biographical-item,23,23,0
1925,letter,8,8,0
1917,letter,17,17,0
2017,"fiction, creative prose",506,472,34
1960,biographical-item,2,2,0
1982,film review,1365,1365,0
1975,theater review,15,15,0
1979,poetry,72,72,0
1975,music performance review,11,11,0
1988,"tv review, radio review",3,3,0
1992,art exhibit review,2749,2749,0
1981,music performance review,1682,1682,0
1993,record review,1930,1930,0
1997,software review,1042,1042,0
2008,poetry,5963,5889,74
1953,correction,69,69,0
1997,bibliography,718,716,2
1947,biographical-item,23,23,0
1904,letter,9,9,0
1905,letter,20,20,0
2009,software review,104,56,48
1910,letter,24,24,0
2008,record review,1955,1950,5
1990,bibliography,569,569,0
2008,film review,2246,2238,8
2002,"tv review, radio review",835,835,0
2014,music performance review,972,952,20
1990,script,69,69,0
1990,music score,13,13,0
2008,music score review,203,194,9
2008,excerpt,55,53,2
2005,film review,2254,2253,1
1996,music score,19,19,0
1996,"fiction, creative prose",1701,1700,1
2011,"tv review, radio review",617,616,1
2017,music score,5,3,2
2008,retraction,1,0,1
1988,software review,1033,1032,1
2001,record review,2159,2159,0
2004,film review,1196,1196,0
1985,film review,1499,1499,0
1982,art exhibit review,2690,2690,0
1995,excerpt,202,202,0
1980,record review,1466,1466,0
1988,"fiction, creative prose",1547,1547,0
1984,"fiction, creative prose",1702,1702,0
2019,poetry,1034,989,45
2019,"fiction, creative prose",122,109,13
2012,dance performance review,447,447,0
1955,correction,5,5,0
1945,biographical-item,9,9,0
1986,reprint,1,1,0
2015,main cite,7,6,1
1991,item about an individual,4308,4308,0
1980,"correction, addition",3789,3789,0
1986,item about an individual,3980,3980,0
1984,item about an individual,2054,2054,0
1991,"correction, addition",5224,5224,0
2006,book,65,30,35
1940,correction,1,1,0
2010,music score review,66,65,1
2012,data paper,9,0,9
2014,data paper,20,0,20
1989,chronology,45,45,0
1988,chronology,48,48,0
1993,"correction, addition",5720,5720,0
1993,dance performance review,593,593,0
1993,hardware review,74,74,0
2004,dance performance review,360,360,0
1994,dance performance review,499,499,0
1994,music performance review,1672,1672,0
1995,dance performance review,658,658,0
1995,music score,21,21,0
2009,chronology,3,0,3
2012,abstract of published item,1,0,1
2007,retraction,1,1,0
2001,music performance review,1656,1656,0
1988,dance performance review,618,618,0
1989,item about an individual,3736,3736,0
2008,meeting summary,1,1,0
1980,dance performance review,594,594,0
1980,theater review,1584,1584,0
1980,excerpt,190,190,0
1998,music score,54,54,0
1981,record review,1386,1386,0
1982,music score,26,26,0
1983,item about an individual,1981,1981,0
1999,music score,18,18,0
1987,dance performance review,501,501,0
2012,hardware review,1,1,0
2006,abstract of published item,1,0,1
2019,music performance review,269,261,8
2019,software review,6,0,6
1898,article,7,7,0
2001,article,796963,756004,40959
2015,letter,44356,11802,32554
1972,article,72240,71926,314
1973,article,75649,75367,282
1983,review,15209,15173,36
2016,record review,1463,1444,19
2013,editorial material,99807,33314,66493
1972,note,7142,7042,100
1974,book review,535,503,32
2009,bibliography,260,192,68
2004,article,885499,366634,518865
2014,editorial material,102836,33733,69103
1990,note,50564,50464,100
2014,book review,69201,41733,27468
2012,biographical-item,4317,1991,2326
2016,proceedings paper,378044,234941,143103
2016,poetry,4868,4606,262
2009,news item,22787,18885,3902
1984,note,53834,53699,135
1993,editorial material,35756,35620,136
2003,proceedings paper,159614,157090,2524
2011,meeting abstract,263118,237371,25747
1989,article,564755,563497,1258
1988,note,50044,49934,110
1977,letter,942,718,224
2016,"tv review, radio review",408,405,3
2009,letter,43029,18371,24658
2002,proceedings paper,137742,137633,109
2006,proceedings paper,198485,175453,23032
1993,meeting abstract,83156,83156,0
1984,review,14667,14640,27
2000,proceedings paper,141921,141864,57
1982,correction,583,574,9
1985,note,51569,51423,146
1997,review,26088,26051,37
1969,article,46806,46511,295
2016,art exhibit review,2022,1968,54
2016,reprint,276,37,239
1994,meeting abstract,80476,80475,1
2012,meeting abstract,283876,261063,22813
1972,book review,284,276,8
1971,book review,479,461,18
1993,correction,269,258,11
2004,correction,8533,4387,4146
1966,book review,761,569,192
2015,hardware review,8,1,7
1997,letter,46006,45631,375
1960,letter,296,295,1
1996,review,23785,23744,41
2000,correction,6779,6734,45
2004,editorial material,63706,42483,21223
2014,reprint,188,61,127
1997,correction,1060,1038,22
1991,meeting abstract,50700,50700,0
1990,software review,900,899,1
1990,correction,467,445,22
1980,letter,31508,31323,185
1979,letter,1004,783,221
2012,poetry,5466,5255,211
1988,letter,39302,39036,266
1995,meeting abstract,100731,100731,0
1965,note,2926,2925,1
1971,note,6496,6437,59
1969,review,840,833,7
1971,correction,292,287,5
1977,review,1418,1399,19
1964,review,471,463,8
2015,theater review,377,375,2
1969,editorial material,1174,1142,32
1968,meeting abstract,6062,5872,190
1961,meeting abstract,512,511,1
1959,note,255,250,5
1966,meeting abstract,3426,3325,101
1968,review,606,600,6
1966,biographical-item,173,172,1
1973,discussion,116,107,9
1964,note,659,654,5
1994,news item,1,0,1
1989,meeting abstract,42849,42849,0
2018,biographical-item,3774,1295,2479
2002,book review,76818,75172,1646
1941,article,1678,1522,156
1953,article,4920,4741,179
2019,review,35137,603,34534
1960,review,308,299,9
2019,article,505279,12080,493199
1998,reprint,799,799,0
2018,bibliography,87,48,39
2018,dance performance review,428,421,7
2018,music score review,30,18,12
2018,database review,12,1,11
1920,article,529,529,0
1969,abstract of published item,9,9,0
1962,discussion,15,11,4
1982,discussion,2446,2438,8
1959,review,296,289,7
1985,discussion,2469,2443,26
1953,note,195,195,0
1934,article,1550,1432,118
2008,news item,24755,22173,2582
1993,biographical-item,184,182,2
2009,biographical-item,6810,4079,2731
1912,article,451,451,0
1992,biographical-item,134,134,0
1951,editorial material,885,862,23
1957,review,294,293,1
1950,letter,403,403,0
1953,meeting abstract,235,235,0
1952,note,158,158,0
1951,meeting abstract,502,502,0
1957,meeting abstract,121,121,0
1958,meeting abstract,61,61,0
1945,discussion,9,9,0
1983,biographical-item,70,70,0
1953,letter,464,464,0
1997,book review,89300,89291,9
1945,review,102,100,2
1957,discussion,25,21,4
1945,note,119,119,0
1960,book review,16,16,0
1956,meeting abstract,34,34,0
1999,biographical-item,6175,6172,3
1970,abstract of published item,31,31,0
1981,correction,335,324,11
2017,art exhibit review,2128,2049,79
2018,script,8,8,0
1947,letter,281,281,0
2019,proceedings paper,9414,2879,6535
1948,correction,42,42,0
1927,article,1023,974,49
1941,letter,40,40,0
1931,review,66,66,0
1927,letter,11,11,0
1910,article,461,461,0
1952,book review,373,373,0
1938,letter,12,12,0
1930,letter,18,18,0
1932,letter,8,8,0
2018,hardware review,2,0,2
2002,correction,7058,5494,1564
1989,correction,526,509,17
1981,poetry,8621,8621,0
1986,poetry,8821,8821,0
1963,book review,40,40,0
1958,book review,131,131,0
1985,poetry,8066,8066,0
1989,music performance review,2010,2010,0
1995,record review,2279,2279,0
1982,poetry,8272,8272,0
1963,correction,49,49,0
1987,music performance review,2056,2056,0
1980,music performance review,1660,1660,0
1975,record review,2,2,0
1956,book review,14,14,0
1988,record review,1054,1054,0
1992,music performance review,1642,1642,0
1992,"tv review, radio review",1,1,0
1915,letter,242,242,0
1990,music performance review,1912,1912,0
2013,"tv review, radio review",404,400,4
1954,correction,30,30,0
1983,record review,1569,1569,0
1984,film review,1562,1562,0
1981,dance performance review,575,575,0
2014,software review,35,1,34
1963,biographical-item,409,409,0
1999,poetry,6283,6283,0
1913,book review,13,13,0
1929,book review,492,492,0
1909,letter,42,42,0
1913,letter,30,30,0
1901,letter,22,22,0
1927,book review,3,3,0
2000,"fiction, creative prose",1132,1132,0
1990,art exhibit review,2909,2909,0
2002,music performance review,1732,1732,0
2002,theater review,631,631,0
1996,item about an individual,6018,6018,0
1996,dance performance review,1076,1076,0
1997,script,60,60,0
2006,poetry,4974,4959,15
2007,poetry,5347,5345,2
2010,hardware review,11,8,3
2017,script,7,6,1
2012,"tv review, radio review",437,434,3
2009,script,30,28,2
2007,theater review,496,492,4
1939,letter,12,12,0
2006,theater review,540,538,2
2013,film review,1340,1329,11
1987,excerpt,206,206,0
1991,music score review,416,416,0
1971,abstract of published item,74,74,0
1955,biographical-item,1,1,0
1953,discussion,4,4,0
2009,retraction,3,1,2
2000,bibliography,689,689,0
2017,data paper,177,1,176
2008,book,188,107,81
2004,book,7,2,5
2003,book,11,7,4
2015,data paper,27,0,27
1998,record review,2602,2602,0
1985,chronology,65,65,0
1989,hardware review,357,357,0
1991,"tv review, radio review",3,3,0
1992,music score review,452,452,0
2003,script,43,43,0
2003,hardware review,17,17,0
2009,main cite,4,4,0
2004,"tv review, radio review",170,170,0
1994,item about an individual,5141,5141,0
1994,"correction, addition",6086,6086,0
1994,hardware review,61,61,0
1995,database review,46,46,0
2007,"fiction, creative prose",768,759,9
2007,script,45,43,2
2000,"tv review, radio review",262,262,0
2000,hardware review,23,23,0
1985,database review,31,31,0
1986,"tv review, radio review, video",104,104,0
1986,bibliography,10,10,0
1988,"tv review, radio review, video",173,173,0
2001,music score,19,19,0
1989,theater review,816,816,0
1989,"fiction, creative prose",1362,1362,0
2014,meeting summary,1,1,0
2006,art exhibit review,2954,2945,9
1998,item about an individual,3,3,0
2006,excerpt,154,146,8
2012,excerpt,5,4,1
1982,item about an individual,2003,2003,0
1982,music score review,578,578,0
1999,music performance review,1617,1617,0
1999,music score review,780,780,0
1999,"tv review, radio review",218,218,0
1983,script,140,140,0
1984,"tv review, radio review, video",131,131,0
1984,music score,29,29,0
2019,database review,2,0,2
2019,press digest,2,1,1
2014,article,1445424,149077,1296347
2016,article,1642167,146458,1495709
2011,article,1267215,198873,1068342
2006,article,977991,297372,680619
2000,article,797564,780479,17085
2015,correction,18019,2787,15232
2010,article,1190752,212467,978285
2011,book review,74960,55139,19821
2014,review,80281,4971,75310
1995,article,667842,666716,1126
1997,article,756554,755007,1547
2011,editorial material,99357,38791,60566
1989,note,49517,49423,94
1975,article,20451,20206,245
2000,review,33635,32676,959
1980,article,437632,436815,817
1980,correction,301,292,9
2007,editorial material,81151,44931,36220
2007,review,55688,16126,39562
1986,note,49381,49246,135
1986,review,15226,15190,36
2006,editorial material,75732,44140,31592
2014,news item,17161,12325,4836
1986,meeting abstract,138397,138397,0
1987,review,15887,15852,35
2006,book review,71606,63159,8447
2014,biographical-item,4238,2028,2210
2007,meeting abstract,238721,230752,7969
2001,letter,41313,40499,814
2003,book review,71267,68033,3234
1966,editorial material,1171,1140,31
1929,article,1441,1323,118
1992,letter,42975,42781,194
2012,news item,19619,14327,5292
2016,hardware review,7,4,3
1997,meeting abstract,119208,119208,0
2000,biographical-item,5573,5554,19
1986,letter,38437,38140,297
1965,article,27201,26922,279
1980,review,7954,7918,36
1973,correction,236,222,14
1995,book review,89977,89969,8
1997,biographical-item,1264,1263,1
1989,editorial material,32750,32656,94
1991,letter,41846,41631,215
2016,database review,16,11,5
1980,meeting abstract,100854,100854,0
1964,letter,740,730,10
1976,correction,171,163,8
1969,note,5654,5600,54
1965,meeting abstract,2838,2642,196
1986,correction,459,440,19
1945,article,1807,1655,152
2015,music performance review,915,913,2
1979,meeting abstract,600,600,0
1923,review,31,31,0
1967,review,528,521,7
1971,editorial material,1734,1695,39
1963,meeting abstract,693,586,107
1968,abstract of published item,55,55,0
2013,bibliography,98,58,40
1981,book review,75483,75483,0
1968,biographical-item,145,143,2
1968,discussion,114,102,12
1967,correction,238,233,5
2018,news item,16121,11594,4527
2017,record review,1403,1370,33
2018,art exhibit review,1475,1385,90
1959,editorial material,458,447,11
1959,meeting abstract,46,46,0
1958,editorial material,644,632,12
1954,article,4852,4669,183
1975,discussion,39,32,7
1989,discussion,2343,2328,15
1984,discussion,2714,2704,10
1957,book review,44,44,0
1952,review,363,356,7
1998,book review,87423,87407,16
1985,meeting abstract,123575,123575,0
2003,news item,24064,23038,1026
1984,biographical-item,63,61,2
2010,poetry,4759,4683,76
1991,discussion,2186,2162,24
2016,retraction,730,82,648
1950,note,201,201,0
1956,editorial material,631,619,12
1951,discussion,11,10,1
1952,letter,379,379,0
1957,editorial material,758,744,14
1991,software review,737,737,0
1962,biographical-item,316,314,2
2004,biographical-item,5701,4523,1178
2012,software review,57,13,44
1952,biographical-item,30,29,1
1934,review,63,60,3
1943,letter,12,12,0
1913,article,630,630,0
1922,article,691,691,0
1902,article,294,294,0
1904,article,278,278,0
1926,review,46,46,0
1913,review,22,22,0
1918,review,10,10,0
1914,review,20,20,0
1928,letter,9,9,0
1919,letter,8,8,0
1911,review,17,17,0
2019,correction,5973,508,5465
1987,poetry,7647,7647,0
1982,music performance review,1771,1771,0
1986,film review,1637,1637,0
1952,correction,83,83,0
1991,chronology,45,45,0
1983,poetry,8329,8329,0
1991,theater review,720,720,0
1980,art exhibit review,2679,2679,0
1989,dance performance review,486,486,0
1981,biographical-item,22,21,1
1983,theater review,1755,1755,0
1982,dance performance review,549,549,0
2012,film review,1381,1373,8
1995,bibliography,650,650,0
1991,music performance review,1975,1975,0
1996,record review,2405,2405,0
1998,biographical-item,6049,6045,4
1986,music score review,613,613,0
1997,art exhibit review,2403,2403,0
1990,proceedings paper,124196,124194,2
1923,book review,12,12,0
1903,letter,82,82,0
1998,poetry,6257,6257,0
1912,book review,8,8,0
1938,book review,337,337,0
1922,book review,17,17,0
1910,book review,10,10,0
1948,book review,31,31,0
1901,book review,1,1,0
2002,poetry,5655,5655,0
2008,"fiction, creative prose",647,625,22
1990,item about an individual,3826,3826,0
2008,art exhibit review,2923,2921,2
1990,excerpt,270,270,0
2002,dance performance review,779,779,0
2008,dance performance review,502,502,0
2002,database review,84,83,1
2008,"tv review, radio review",205,201,4
1990,database review,28,28,0
1990,reprint,14,14,0
2002,music score,10,10,0
2005,"fiction, creative prose",691,672,19
2005,theater review,689,687,2
2011,record review,1929,1920,9
1997,item about an individual,4729,4729,0
1997,music score review,386,386,0
2011,dance performance review,411,411,0
1997,database review,86,86,0
2005,script,29,27,2
2012,record review,1850,1835,15
1976,"fiction, creative prose",1,1,0
2007,art exhibit review,2775,2768,7
2009,dance performance review,478,478,0
1985,"fiction, creative prose",1561,1561,0
1995,"fiction, creative prose",1332,1332,0
1992,poetry,5902,5902,0
1995,software review,1031,1026,5
1983,music performance review,1849,1849,0
1980,"fiction, creative prose",1457,1457,0
1986,excerpt,266,266,0
1993,art exhibit review,2449,2449,0
1951,biographical-item,46,46,0
2010,film review,1754,1739,15
1993,"fiction, creative prose",1146,1146,0
1994,music score review,335,335,0
1900,review,4,4,0
1961,biographical-item,3,3,0
1991,proceedings paper,143150,143150,0
1999,excerpt,219,219,0
1977,film review,1,1,0
2012,theater review,367,346,21
2016,main cite,6,5,1
1988,"correction, addition",4394,4394,0
1989,"correction, addition",4619,4619,0
1983,"correction, addition",4930,4930,0
1981,"correction, addition",3403,3403,0
1987,item about an individual,3728,3728,0
1995,"correction, addition",6477,6477,0
1946,biographical-item,7,7,0
1998,"tv review, radio review",371,371,0
2003,"tv review, radio review",486,486,0
1976,art exhibit review,34,34,0
1992,dance performance review,608,608,0
2003,music score review,324,324,0
2003,dance performance review,613,613,0
2003,music score,11,11,0
2009,excerpt,87,76,11
2009,meeting summary,3,3,0
1993,"tv review, radio review, video",300,300,0
2009,hardware review,5,5,0
2010,script,31,28,3
1999,hardware review,29,29,0
2012,database review,10,9,1
2000,music score review,733,733,0
1985,proceedings paper,66,66,0
1988,excerpt,184,184,0
2001,music score review,568,568,0
2001,"tv review, radio review",600,600,0
2001,chronology,1,0,1
1989,record review,1253,1253,0
2014,database review,1,1,0
1998,dance performance review,390,390,0
2006,music score review,626,592,34
2006,music performance review,1005,1001,4
1982,script,143,143,0
1983,"tv review, radio review",1,1,0
1999,script,75,75,0
1984,software review,122,122,0
1987,script,114,114,0
2013,hardware review,1,1,0
1984,database review,5,5,0
2001,discussion,1,1,0
2019,discussion,1,0,1
2003,article,848765,432475,416290
2013,article,1403675,156260,1247415
2002,review,36400,28142,8258
2016,meeting abstract,332037,284931,47106
1994,article,637616,636101,1515
2013,proceedings paper,314752,197756,116996
1995,note,64267,64171,96
1999,article,783805,782026,1779
2009,book review,76764,62685,14079
1991,editorial material,34780,34657,123
2005,letter,40587,26132,14455
2011,letter,43605,14145,29460
2005,review,46223,17486,28737
2014,correction,15521,2738,12783
2009,review,69736,13895,55841
2009,editorial material,91413,41014,50399
2013,meeting abstract,299984,277034,22950
1981,note,49515,49382,133
2010,editorial material,93664,39043,54621
1998,review,27817,27747,70
1977,meeting abstract,362,362,0
1975,note,1402,1299,103
1978,article,25548,25156,392
2013,biographical-item,4199,1865,2334
2002,meeting abstract,152672,152604,68
1992,editorial material,34870,34753,117
1987,meeting abstract,136061,136061,0
2008,review,62686,15774,46912
1972,review,1324,1308,16
2016,dance performance review,463,458,5
1985,correction,559,543,16
1995,proceedings paper,130457,130443,14
1998,letter,45009,44652,357
2013,letter,44478,12315,32163
2006,news item,26258,24202,2056
1999,editorial material,56193,56026,167
1996,editorial material,58198,58048,150
1970,editorial material,1700,1666,34
1999,book review,84487,84474,13
2013,poetry,4541,4293,248
1994,review,19634,19581,53
2006,correction,10638,5024,5614
2015,"fiction, creative prose",619,586,33
1996,correction,433,418,15
1976,letter,944,716,228
1975,meeting abstract,563,563,0
1992,meeting abstract,61819,61819,0
1978,note,2031,1887,144
1970,note,5303,5253,50
1977,editorial material,881,842,39
1982,letter,35092,34882,210
1963,letter,742,742,0
1971,letter,2723,2574,149
1962,review,206,206,0
1968,note,5128,5086,42
1974,discussion,125,120,5
1966,note,3894,3879,15
1962,meeting abstract,407,298,109
1967,note,4338,4298,40
1963,editorial material,649,630,19
1964,meeting abstract,1032,789,243
2001,meeting abstract,124579,124578,1
1962,editorial material,460,437,23
2001,book review,78906,78768,138
1969,correction,296,294,2
1966,abstract of published item,84,82,2
1980,book review,73541,73541,0
1971,biographical-item,14,13,1
2018,letter,44411,8336,36075
2018,theater review,344,301,43
1942,article,1528,1361,167
2017,poetry,4643,4311,332
2018,film review,1185,1150,35
2018,music performance review,929,893,36
2018,excerpt,17,17,0
1952,meeting abstract,254,254,0
1979,discussion,144,133,11
1987,news item,1,1,0
2008,reprint,714,447,267
1958,note,194,165,29
2001,news item,27117,27056,61
1949,note,193,193,0
1996,note,306,304,2
1993,reprint,713,713,0
1936,article,1678,1532,146
1993,book review,84025,84016,9
1956,discussion,13,13,0
1950,meeting abstract,117,117,0
1960,meeting abstract,40,40,0
1954,letter,448,448,0
1949,editorial material,889,874,15
1952,discussion,32,32,0
1986,biographical-item,150,150,0
1948,editorial material,959,946,13
1955,discussion,13,12,1
2004,reprint,698,507,191
1941,review,110,104,6
2002,biographical-item,5619,5154,465
2010,retraction,2,0,2
2013,retraction,4,0,4
1928,article,1249,1161,88
2019,letter,12922,2267,10655
1947,book review,18,18,0
2019,editorial material,31274,6423,24851
1921,article,665,665,0
1999,news item,29463,29458,5
1909,article,425,425,0
1908,review,10,10,0
1901,article,232,232,0
1921,review,33,33,0
1944,letter,17,17,0
2005,software review,199,165,34
1998,software review,934,931,3
1986,music performance review,2136,2136,0
1978,poetry,69,69,0
1993,poetry,5512,5512,0
1995,art exhibit review,2587,2587,0
1991,art exhibit review,3093,3093,0
2010,bibliography,217,154,63
1985,music score review,643,643,0
1997,"fiction, creative prose",1461,1461,0
2011,art exhibit review,2261,2222,39
1996,"tv review, radio review",9,9,0
2007,bibliography,269,189,80
1997,hardware review,71,71,0
1947,correction,8,8,0
2004,hardware review,21,20,1
2003,poetry,5363,5363,0
1904,book review,5,5,0
2019,meeting abstract,36206,33112,3094
1926,book review,13,13,0
2000,poetry,6603,6601,2
1922,letter,8,8,0
1935,book review,144,144,0
1955,book review,202,202,0
1928,book review,215,215,0
1915,book review,4,4,0
1990,"correction, addition",4793,4793,0
2002,film review,1722,1722,0
2002,music score review,613,613,0
2008,bibliography,279,210,69
2014,music score review,50,49,1
2008,main cite,8,8,0
2005,art exhibit review,2541,2535,6
1996,script,63,63,0
2005,poetry,5094,5080,14
1996,theater review,602,602,0
2005,database review,21,14,7
2005,bibliography,275,210,65
1997,film review,1862,1862,0
2011,music performance review,1174,1170,4
2011,music score review,72,72,0
2011,script,20,20,0
2012,music performance review,942,940,2
1984,art exhibit review,2844,2844,0
2000,script,70,70,0
2003,theater review,644,644,0
2000,excerpt,217,217,0
1992,software review,718,718,0
1991,poetry,5606,5606,0
1994,script,64,64,0
1979,"fiction, creative prose",1,1,0
1987,"fiction, creative prose",1511,1511,0
1980,music score,68,68,0
1993,script,63,63,0
1981,chronology,61,61,0
1991,record review,1426,1426,0
2012,bibliography,111,80,31
1990,news item,3,0,3
2015,music score review,39,36,3
1985,"correction, addition",4746,4746,0
1993,item about an individual,4835,4835,0
1984,"correction, addition",5019,5019,0
1986,"correction, addition",4605,4605,0
1987,"correction, addition",4372,4372,0
2011,book,223,140,83
2013,book,489,257,232
2005,book,51,20,31
2013,music score review,71,65,6
2003,music performance review,1375,1375,0
1978,art exhibit review,3,3,0
1976,biographical-item,6,5,1
1987,"tv review, radio review",4,4,0
1988,database review,84,84,0
1978,chronology,1,1,0
2010,"tv review, radio review",350,342,8
1991,"fiction, creative prose",1242,1242,0
1991,script,78,78,0
1992,music score,20,20,0
2009,"tv review, radio review",200,200,0
2015,music score,18,18,0
1993,theater review,601,601,0
2015,meeting summary,6,3,3
2004,music score review,62,62,0
2010,excerpt,51,47,4
2011,chronology,3,0,3
1985,music score,100,100,0
1985,"tv review, radio review, video",89,89,0
1986,hardware review,129,129,0
1986,chronology,50,50,0
2001,film review,1693,1693,0
1989,music score review,470,470,0
1980,"tv review, radio review, video",82,82,0
1980,script,166,166,0
2006,"tv review, radio review",680,676,4
2012,music score,5,5,0
2006,hardware review,12,11,1
1982,chronology,74,74,0
1983,dance performance review,785,785,0
1983,chronology,90,90,0
1984,hardware review,25,25,0
1984,script,123,123,0
2013,excerpt,2,2,0
1987,music score,44,44,0
1998,discussion,1,1,0
2011,hardware review,3,2,1
2019,film review,335,326,9
2016,letter,46151,11049,35102
1991,article,596834,595512,1322
2016,biographical-item,4303,1766,2537
1991,note,49770,49687,83
1974,abstract of published item,12,8,4
2012,book review,70307,47781,22526
2015,biographical-item,4296,1826,2470
2014,letter,44229,12473,31756
1987,discussion,2776,2765,11
2009,correction,11442,4008,7434
2011,correction,12342,3280,9062
1984,correction,551,529,22
1992,review,17738,17699,39
2015,art exhibit review,2341,2276,65
2008,letter,43814,21993,21821
1975,correction,142,128,14
2004,meeting abstract,208284,207814,470
2014,meeting abstract,305970,276911,29059
2005,meeting abstract,221302,220407,895
1998,meeting abstract,110833,110832,1
2000,letter,43277,42818,459
1966,article,34428,34194,234
1968,book review,383,363,20
1973,book review,407,381,26
2009,meeting abstract,258738,242796,15942
1996,meeting abstract,108643,106378,2265
1998,editorial material,57059,56878,181
1990,review,17455,17399,56
1995,correction,361,352,9
1975,book review,486,486,0
1995,editorial material,51594,51487,107
1994,editorial material,41325,41208,117
1991,review,16941,16887,54
1975,editorial material,767,720,47
1976,book review,281,281,0
1998,correction,7283,7267,16
2000,editorial material,55586,55133,453
1969,meeting abstract,4712,4561,151
1985,review,15268,15237,31
1973,meeting abstract,6866,6768,98
1991,correction,460,450,10
1998,news item,29547,29529,18
1987,correction,563,532,31
1978,meeting abstract,514,514,0
2013,"fiction, creative prose",458,426,32
1986,editorial material,31057,30963,94
1983,meeting abstract,113911,113911,0
2005,correction,9920,4989,4931
2013,software review,38,2,36
1974,review,1500,1485,15
1971,discussion,99,91,8
1972,meeting abstract,6304,6182,122
1965,review,590,583,7
1948,article,4675,4520,155
1960,note,190,190,0
1974,editorial material,1103,1061,42
1971,meeting abstract,4900,4772,128
1990,book review,79426,79403,23
2018,meeting abstract,300033,265199,34834
1968,editorial material,895,869,26
1967,biographical-item,181,180,1
2014,art exhibit review,2658,2607,51
2014,film review,1249,1236,13
2018,correction,20791,1862,18929
2017,news item,15030,10171,4859
2017,review,107589,3692,103897
1956,article,3314,3142,172
1946,article,2171,2023,148
2011,news item,19683,14998,4685
1988,discussion,2432,2412,20
2001,biographical-item,5310,5220,90
1982,editorial material,27156,27096,60
1988,editorial material,33075,32983,92
2000,reprint,1011,1005,6
1980,discussion,2075,2048,27
1983,book review,90341,90341,0
1931,article,1436,1288,148
1940,article,1512,1351,161
2003,reprint,763,498,265
2005,reprint,788,578,210
1933,article,1461,1329,132
1949,review,292,284,8
1975,biographical-item,7,7,0
1992,book review,81399,81395,4
1996,book review,89913,89904,9
1982,book review,78304,78304,0
1935,article,1458,1346,112
1988,biographical-item,177,177,0
1993,proceedings paper,138172,138170,2
1996,news item,21576,21576,0
1979,book review,453,453,0
1945,editorial material,259,253,6
1955,meeting abstract,20,20,0
1954,editorial material,886,873,13
1951,note,169,169,0
2015,retraction,96,14,82
2005,news item,25710,23882,1828
2011,retraction,4,0,4
1951,letter,331,331,0
2001,reprint,928,922,6
1979,biographical-item,15,15,0
1955,letter,509,509,0
1977,book review,430,430,0
1996,reprint,906,905,1
1983,correction,622,603,19
1938,review,91,87,4
1926,letter,9,9,0
1933,review,54,54,0
1916,article,389,389,0
1909,review,9,9,0
1914,article,465,465,0
1917,article,1015,1015,0
1905,article,403,403,0
1930,review,53,53,0
1942,review,83,81,2
1945,meeting abstract,81,81,0
1922,review,27,27,0
1915,article,424,422,2
1925,review,26,26,0
1910,review,16,16,0
1932,review,69,67,2
1936,review,59,57,2
1947,discussion,18,18,0
1937,letter,10,10,0
1946,discussion,5,5,0
1902,letter,7,7,0
1935,letter,9,9,0
1900,article,338,338,0
1991,bibliography,507,507,0
1977,poetry,37,37,0
1989,poetry,6247,6247,0
1995,music performance review,1977,1977,0
2004,software review,234,190,44
1990,poetry,5262,5262,0
2013,theater review,328,319,9
1976,music performance review,2,2,0
1965,correction,101,101,0
1976,theater review,6,6,0
1993,music performance review,1811,1811,0
1988,poetry,7210,7210,0
1994,film review,1374,1374,0
1977,theater review,7,7,0
1984,poetry,8227,8227,0
1985,theater review,1232,1232,0
1995,film review,1500,1500,0
2002,hardware review,69,69,0
1996,software review,900,897,3
1984,record review,1435,1435,0
2004,bibliography,509,439,70
1997,poetry,5975,5975,0
1981,film review,1574,1574,0
1994,record review,1943,1943,0
1996,hardware review,80,80,0
1993,music score review,472,472,0
1996,bibliography,718,716,2
2012,retraction,6,1,5
1956,correction,11,11,0
1964,correction,61,61,0
2013,music performance review,928,892,36
2006,database review,45,28,17
2009,record review,1809,1804,5
2011,software review,50,12,38
1941,book review,129,129,0
2003,"fiction, creative prose",1199,1199,0
1920,letter,13,13,0
1907,book review,5,5,0
1936,book review,148,148,0
2002,excerpt,174,174,0
1944,book review,32,32,0
1998,"fiction, creative prose",1217,1217,0
1916,letter,2,2,0
1908,book review,5,5,0
1990,"fiction, creative prose",1473,1473,0
2002,script,46,46,0
1990,music score review,406,406,0
2002,"fiction, creative prose",1107,1107,0
2008,music score,20,20,0
1996,"correction, addition",6651,6651,0
2005,record review,1803,1743,60
1996,excerpt,241,241,0
2005,dance performance review,387,386,1
2005,hardware review,19,19,0
1997,"tv review, radio review, video",500,500,0
2017,"tv review, radio review",318,311,7
2006,bibliography,285,211,74
1985,software review,520,516,4
1999,film review,1338,1338,0
2004,"fiction, creative prose",1032,1025,7
2001,software review,417,415,2
1999,theater review,672,672,0
1985,art exhibit review,2496,2496,0
1984,excerpt,203,203,0
1993,"tv review, radio review",19,19,0
1994,software review,716,711,5
1994,excerpt,340,340,0
1983,"fiction, creative prose",1511,1511,0
1986,dance performance review,583,583,0
2012,"fiction, creative prose",392,376,16
1989,art exhibit review,2931,2931,0
1916,book review,2,2,0
1902,correction,3,3,0
1936,correction,1,1,0
2019,news item,4410,3106,1304
2019,record review,420,400,20
2019,art exhibit review,535,522,13
1905,review,8,8,0
2016,data paper,152,0,152
1948,biographical-item,23,23,0
1998,music performance review,1714,1714,0
1988,art exhibit review,2486,2486,0
1988,bibliography,210,210,0
1980,chronology,67,67,0
1985,excerpt,269,269,0
1992,item about an individual,4903,4903,0
1992,"fiction, creative prose",1269,1269,0
1992,hardware review,115,115,0
1992,theater review,616,616,0
1993,chronology,44,44,0
1994,chronology,55,55,0
1994,database review,34,34,0
2010,music performance review,1197,1194,3
1995,"tv review, radio review, video",410,410,0
1995,music score review,378,378,0
2010,chronology,1,0,1
1998,hardware review,81,81,0
1991,music score,17,17,0
2012,script,14,14,0
2013,music score,7,7,0
2007,record review,1822,1799,23
1986,script,125,125,0
1988,script,112,112,0
2001,database review,83,83,0
2013,abstract of published item,1,0,1
2006,dance performance review,379,378,1
1981,music score review,892,892,0
1981,script,120,120,0
1981,excerpt,178,178,0
1981,"tv review, radio review, video",118,118,0
1999,dance performance review,408,408,0
1983,excerpt,322,322,0
1987,database review,65,65,0
2012,chronology,2,0,2
2019,dance performance review,124,123,1
2019,"tv review, radio review",90,90,0
2019,reprint,36,1,35
2015,article,1518598,146963,1371635
2016,review,101871,5030,96841
2016,correction,18479,2702,15777
1993,note,56326,56252,74
1994,note,67002,66935,67
2012,editorial material,98150,35026,63124
1996,article,748578,746730,1848
2015,meeting abstract,303502,266752,36750
1992,article,603151,601970,1181
2003,review,39014,21063,17951
2006,review,51574,16466,35108
2015,news item,16485,11761,4724
1973,note,8095,7981,114
1982,article,472889,472201,688
1976,article,21332,21092,240
1979,article,27669,27238,431
2004,review,43494,19617,23877
2010,meeting abstract,262193,237734,24459
1993,letter,44127,43737,390
2007,letter,42347,22921,19426
1989,book review,80720,80710,10
1999,proceedings paper,114070,114042,28
1978,letter,837,637,200
2003,meeting abstract,157637,157413,224
1983,editorial material,33551,33461,90
2014,"fiction, creative prose",516,484,32
1967,editorial material,934,912,22
2006,meeting abstract,224598,217053,7545
1974,letter,3216,3008,208
1973,editorial material,1449,1412,37
1987,letter,39153,38875,278
1961,article,7986,7766,220
1976,meeting abstract,462,462,0
1974,meeting abstract,6511,6511,0
1984,book review,92907,92899,8
1999,letter,44867,44569,298
1985,letter,39220,38962,258
1981,review,9563,9538,25
1979,correction,162,147,15
2016,script,14,10,4
1974,correction,204,194,10
1986,discussion,2074,2061,13
1961,review,188,188,0
1967,letter,3610,3588,22
1962,correction,32,32,0
2010,news item,21001,16395,4606
1948,letter,612,612,0
1974,biographical-item,38,38,0
1972,discussion,119,109,10
1987,book review,81641,81628,13
1978,discussion,79,73,6
1993,discussion,2490,2479,11
1965,book review,918,674,244
1965,discussion,60,55,5
1988,proceedings paper,15502,15502,0
2018,proceedings paper,209176,111739,97437
2018,retraction,1088,119,969
1939,article,1626,1462,164
2017,correction,19007,2321,16686
2017,book review,67410,39151,28259
2017,biographical-item,4122,1587,2535
2017,meeting abstract,319330,273443,45887
2017,reprint,241,22,219
2017,letter,45539,10163,35376
1958,article,3407,3214,193
1957,article,3536,3358,178
2002,reprint,862,749,113
1992,reprint,580,580,0
1976,editorial material,617,566,51
1959,letter,304,304,0
1995,discussion,2345,2338,7
2006,reprint,875,642,233
1977,discussion,48,45,3
1996,discussion,432,432,0
1991,biographical-item,169,169,0
1990,biographical-item,210,209,1
2007,news item,26299,23773,2526
2017,hardware review,8,0,8
2010,reprint,445,307,138
2009,reprint,604,351,253
1997,reprint,1015,1015,0
1948,meeting abstract,317,317,0
1948,note,213,212,1
1956,review,274,266,8
1954,review,388,371,17
1958,review,316,311,5
1950,review,394,389,5
1958,letter,410,410,0
1959,book review,13,13,0
2017,software review,34,7,27
1950,discussion,11,11,0
2002,news item,25892,25451,441
1949,letter,395,395,0
1945,letter,238,238,0
1961,book review,8,8,0
1956,note,143,132,11
1989,reprint,5,5,0
2004,news item,23108,21588,1520
1947,editorial material,776,761,15
1937,review,72,68,4
1924,review,26,26,0
1906,article,296,296,0
1911,article,464,464,0
1903,article,278,278,0
1915,review,7,7,0
1920,review,14,14,0
1946,meeting abstract,190,190,0
1904,review,9,9,0
1933,letter,6,6,0
1924,letter,18,18,0
1940,letter,21,21,0
1995,biographical-item,200,198,2
1987,chronology,42,42,0
1995,"tv review, radio review",4,4,0
1994,poetry,6286,6286,0
1991,database review,87,87,0
1975,poetry,8,8,0
1988,music performance review,2169,2169,0
1986,art exhibit review,2287,2287,0
1996,film review,2026,2026,0
1994,art exhibit review,2547,2547,0
1990,theater review,757,757,0
1989,film review,1401,1401,0
2002,software review,375,336,39
1959,correction,50,50,0
1995,news item,1334,1334,0
2010,art exhibit review,2546,2525,21
1986,record review,1802,1802,0
1999,bibliography,719,717,2
2001,bibliography,691,688,3
1992,database review,37,37,0
1996,art exhibit review,2301,2301,0
1981,theater review,1617,1617,0
1900,book review,5,5,0
1939,book review,117,117,0
1905,book review,4,4,0
1908,letter,15,15,0
1934,book review,135,135,0
2014,bibliography,101,65,36
1911,letter,8,8,0
1906,book review,3,3,0
2001,poetry,6036,6036,0
1954,book review,226,226,0
1999,"fiction, creative prose",1194,1194,0
1914,book review,9,9,0
1909,book review,4,4,0
1903,book review,3,3,0
1923,letter,6,6,0
1929,letter,8,8,0
2002,record review,2170,2170,0
2002,art exhibit review,2993,2993,0
2014,record review,1693,1662,31
1990,hardware review,197,197,0
2008,script,40,38,2
2014,dance performance review,409,409,0
1990,chronology,45,45,0
2014,script,8,6,2
2005,"tv review, radio review",362,361,1
1997,"correction, addition",5986,5986,0
1997,theater review,691,691,0
1997,"tv review, radio review",159,159,0
1997,music score,17,17,0
1997,excerpt,167,167,0
2011,music score,19,19,0
2005,meeting summary,3,3,0
2009,poetry,6129,6011,118
2013,dance performance review,481,481,0
2017,music performance review,1028,999,29
2017,dance performance review,508,506,2
2017,theater review,354,323,31
2010,"fiction, creative prose",630,600,30
2017,excerpt,2,2,0
2007,software review,173,123,50
1980,biographical-item,26,23,3
2007,dance performance review,446,446,0
2000,art exhibit review,3236,3236,0
2000,film review,1764,1764,0
2000,record review,2308,2308,0
1998,bibliography,649,648,1
2004,script,40,40,0
1989,bibliography,497,497,0
1986,database review,52,52,0
1978,theater review,1,1,0
2006,film review,2203,2200,3
1954,biographical-item,27,27,0
1900,letter,21,21,0
2017,book,349,229,120
2009,book,231,124,107
2007,book,85,38,47
2009,music performance review,1255,1253,2
2013,data paper,20,0,20
1981,art exhibit review,2584,2584,0
1977,chronology,4,4,0
1919,book review,1,1,0
1991,excerpt,219,219,0
1991,"tv review, radio review, video",186,186,0
1991,hardware review,140,140,0
2003,art exhibit review,2386,2386,0
2009,music score review,114,113,1
2009,music score,18,18,0
1993,excerpt,203,203,0
1993,music score,26,26,0
2004,art exhibit review,1838,1835,3
2004,music performance review,972,972,0
2004,excerpt,162,159,3
2004,database review,31,29,2
2010,theater review,362,352,10
1995,hardware review,136,136,0
2007,excerpt,121,117,4
2011,main cite,1,1,0
2013,script,6,5,1
2016,excerpt,2,1,1
2000,music performance review,1617,1617,0
2007,music performance review,1018,1014,4
2000,music score,25,25,0
1988,item about an individual,3672,3672,0
1988,theater review,1018,1018,0
1989,music score,18,18,0
2014,excerpt,1,1,0
1981,item about an individual,1504,1504,0
1982,"tv review, radio review, video",146,146,0
1999,record review,2557,2557,0
1983,"tv review, radio review, video",160,160,0
1984,music score review,966,966,0
1987,theater review,976,976,0
1987,proceedings paper,1863,1863,0
1899,article,26,26,0
1899,book review,11,11,0
